17
18
24
33
34
38
42
44
45
46
50
57
58
60
61
62
65
66
69
71
79
80
81
82
83
85
86
90
92
93
94
103
104
105
106
114
115
118
119
120
121
122
124
125
131
133
138
142
144
145
149
150
157
159
161
162
168
169
170
172
174
179
181
185
188
196
204
212
213
214
222
225
226
227
230
234
240
241
244
245
247
252
253
259
260
263
267
269
273
278
282
285
286
287
293
296
297
298
306
314
315
317
318
322
334
338
342
343
344
345
346
352
354
361
362
364
365
375
385
387
388
389
390
392
393
394
397
405
406
407
415
422
423
428
429
433
437
438
440
443
444
450
451
453
455
458
459
463
466
467
470
471
476
477
480
485
486
488
491
493
498
501
503
512
514
519
-941
